675    607    394        535    501
719    645    420        570    533
763    684    446        605    565
807    722    472        640    597
851    761    498        675    630
896    800    524        710    662
923    825    541        732    683
950    850    558        754    704
978    876    576        777    726
1005    901    593        799    747
1033    927    611        822    769
1081    970    639        860    805
1129    1013    667        898    840
1178    1056    695        937    876
1226    1099    723        975    911
1275    1143    752        1014    948
1272    1141    751        1012    946
1269    1139    750        1010    945
1266    1137    749        1008    943
1263    1135    748        1006    942
1260    1133    748        1004    941
1305    1174    777        1041    976
1350    1215    806        1078    1011
1395    1256    835        1115    1046
1440    1297    864        1152    1081
1486    1338    894        1190    1116
1528    1376    920        1224    1148
1570    1415    947        1259    1181
1613    1454    974        1294    1214
1655    1493    1001        1328    1247
1698    1532    1028        1363    1280
1738    1570    1056        1397    1313
1778    1608    1084        1431    1346
1818    1646    1112        1465    1379
1858    1684    1140        1499    1412
1898    1723    1169        1534    1446
1939    1763    1200        1570    1482
1981    1803    1231        1606    1517
2023    1843    1262        1643    1553
2065    1883    1293        1679    1588
2107    1924    1324        1716    1624
2167    1978    1360        1764    1669
2228    2032    1396        1812    1714
2289    2086    1433        1861    1760
2350    2140    1469        1910    1805
2411    2194    1506        1959    1850
2439    2221    1527        1983    1874
2468    2249    1549        2009    1899
2496    2276    1571        2034    1924
2525    2304    1593        2059    1949
2554    2332    1615        2085    1974
2613    2385    1650        2132    2018
2672    2438    1686        2179    2062
2732    2491    1722        2227    2107
2791    2544    1758        2275    2151
2851    2598    1794        2323    2196
2893    2638    1826        2360    2232
2936    2678    1858        2397    2268
2979    2719    1890        2435    2305
3022    2759    1922        2472    2341
3065    2800    1954        2510    2377
3133    2859    1988        2561    2424
3201    2919    2022        2612    2471
3270    2979    2057        2664    2518
-- c7    c6    m        c7 average    c6 average

